======================
cycle: 1	96	ADDI	R0, R0, #5

registers: 
r00:	5	0	0	0	0	0	0	0
r08:	0	0	0	0	0	0	0	0
r16:	0	0	0	0	0	0	0	0
r24:	0	0	0	0	0	0	0	0

data:
192:-2	-3
======================
cycle: 2	100	SUBI	R30, R30, #5

registers: 
r00:	5	0	0	0	0	0	0	0
r08:	0	0	0	0	0	0	0	0
r16:	0	0	0	0	0	0	0	0
r24:	0	0	0	0	0	0	-5	0

data:
192:-2	-3
======================
cycle: 3	104	ADDI	R1, R1, #6

registers: 
r00:	5	6	0	0	0	0	0	0
r08:	0	0	0	0	0	0	0	0
r16:	0	0	0	0	0	0	0	0
r24:	0	0	0	0	0	0	-5	0

data:
192:-2	-3
======================
cycle: 4	108	SUBI	R2, R0, #4

registers: 
r00:	5	6	1	0	0	0	0	0
r08:	0	0	0	0	0	0	0	0
r16:	0	0	0	0	0	0	0	0
r24:	0	0	0	0	0	0	-5	0

data:
192:-2	-3
======================
cycle: 5	112	ADD	R3, R0, R1

registers: 
r00:	5	6	1	11	0	0	0	0
r08:	0	0	0	0	0	0	0	0
r16:	0	0	0	0	0	0	0	0
r24:	0	0	0	0	0	0	-5	0

data:
192:-2	-3
======================
cycle: 6	116	SUB	R4, R0, R1

registers: 
r00:	5	6	1	11	-1	0	0	0
r08:	0	0	0	0	0	0	0	0
r16:	0	0	0	0	0	0	0	0
r24:	0	0	0	0	0	0	-5	0

data:
192:-2	-3
======================
cycle: 7	120	B	#2

registers: 
r00:	5	6	1	11	-1	0	0	0
r08:	0	0	0	0	0	0	0	0
r16:	0	0	0	0	0	0	0	0
r24:	0	0	0	0	0	0	-5	0

data:
192:-2	-3
======================
cycle: 8	128	NOP

registers: 
r00:	5	6	1	11	-1	0	0	0
r08:	0	0	0	0	0	0	0	0
r16:	0	0	0	0	0	0	0	0
r24:	0	0	0	0	0	0	-5	0

data:
192:-2	-3
======================
cycle: 9	132	CBNZ	R1, #2

registers: 
r00:	5	6	1	11	-1	0	0	0
r08:	0	0	0	0	0	0	0	0
r16:	0	0	0	0	0	0	0	0
r24:	0	0	0	0	0	0	-5	0

data:
192:-2	-3
======================
cycle: 10	140	CBZ	R31, #2

registers: 
r00:	5	6	1	11	-1	0	0	0
r08:	0	0	0	0	0	0	0	0
r16:	0	0	0	0	0	0	0	0
r24:	0	0	0	0	0	0	-5	0

data:
192:-2	-3
======================
cycle: 11	148	AND	R5, R0, R1

registers: 
r00:	5	6	1	11	-1	4	0	0
r08:	0	0	0	0	0	0	0	0
r16:	0	0	0	0	0	0	0	0
r24:	0	0	0	0	0	0	-5	0

data:
192:-2	-3
======================
cycle: 12	152	ORR	R6, R0, R1

registers: 
r00:	5	6	1	11	-1	4	7	0
r08:	0	0	0	0	0	0	0	0
r16:	0	0	0	0	0	0	0	0
r24:	0	0	0	0	0	0	-5	0

data:
192:-2	-3
======================
cycle: 13	156	EOR	R7, R0, R1

registers: 
r00:	5	6	1	11	-1	4	7	3
r08:	0	0	0	0	0	0	0	0
r16:	0	0	0	0	0	0	0	0
r24:	0	0	0	0	0	0	-5	0

data:
192:-2	-3
======================
cycle: 14	160	LSR	R8, R1, #2

registers: 
r00:	5	6	1	11	-1	4	7	3
r08:	1	0	0	0	0	0	0	0
r16:	0	0	0	0	0	0	0	0
r24:	0	0	0	0	0	0	-5	0

data:
192:-2	-3
======================
cycle: 15	164	ASR	R9, R30, #2

registers: 
r00:	5	6	1	11	-1	4	7	3
r08:	1	-2	0	0	0	0	0	0
r16:	0	0	0	0	0	0	0	0
r24:	0	0	0	0	0	0	-5	0

data:
192:-2	-3
======================
cycle: 16	168	LSL	R10, R30, #2

registers: 
r00:	5	6	1	11	-1	4	7	3
r08:	1	-2	-10	0	0	0	0	0
r16:	0	0	0	0	0	0	0	0
r24:	0	0	0	0	0	0	-5	0

data:
192:-2	-3
======================
cycle: 17	172	MOVZ	R10, 3, LSL 0

registers: 
r00:	5	6	1	11	-1	4	7	3
r08:	1	-2	3	0	0	0	0	0
r16:	0	0	0	0	0	0	0	0
r24:	0	0	0	0	0	0	-5	0

data:
192:-2	-3
======================
cycle: 18	176	MOVK	R10, 12, LSL 0

registers: 
r00:	5	6	1	11	-1	4	7	3
r08:	1	-2	15	0	0	0	0	0
r16:	0	0	0	0	0	0	0	0
r24:	0	0	0	0	0	0	-5	0

data:
192:-2	-3
======================
cycle: 19	180	STUR	R7, [R5, #112]

registers: 
r00:	5	6	1	11	-1	4	7	3
r08:	1	-2	15	0	0	0	0	0
r16:	0	0	0	0	0	0	0	0
r24:	0	0	0	0	0	0	-5	0

data:
192:-2	-3	0	0	0	0	0	0
224:0	0	0	0	0	0	0	0
256:0	0	0	0	0	0	0	0
288:0	0	0	0	0	0	0	0
320:0	0	0	0	0	0	0	0
352:0	0	0	0	0	0	0	0
384:0	0	0	0	0	0	0	0
416:0	0	0	0	0	0	0	0
448:0	3
======================
cycle: 20	184	LDUR	R7, [R5, #112]

registers: 
r00:	5	6	1	11	-1	4	7	3
r08:	1	-2	15	0	0	0	0	0
r16:	0	0	0	0	0	0	0	0
r24:	0	0	0	0	0	0	-5	0

data:
192:-2	-3	0	0	0	0	0	0
224:0	0	0	0	0	0	0	0
256:0	0	0	0	0	0	0	0
288:0	0	0	0	0	0	0	0
320:0	0	0	0	0	0	0	0
352:0	0	0	0	0	0	0	0
384:0	0	0	0	0	0	0	0
416:0	0	0	0	0	0	0	0
448:0	3
======================
cycle: 21	188	BREAK

registers: 
r00:	5	6	1	11	-1	4	7	3
r08:	1	-2	15	0	0	0	0	0
r16:	0	0	0	0	0	0	0	0
r24:	0	0	0	0	0	0	-5	0

data:
192:-2	-3	0	0	0	0	0	0
224:0	0	0	0	0	0	0	0
256:0	0	0	0	0	0	0	0
288:0	0	0	0	0	0	0	0
320:0	0	0	0	0	0	0	0
352:0	0	0	0	0	0	0	0
384:0	0	0	0	0	0	0	0
416:0	0	0	0	0	0	0	0
448:0	3
======================
cycle: 1	96	ADDI	R0, R0, #5

registers: 
r00:	5	0	0	0	0	0	0	0
r08:	0	0	0	0	0	0	0	0
r16:	0	0	0	0	0	0	0	0
r24:	0	0	0	0	0	0	0	0

data:
192:-2	-3
======================
cycle: 2	100	SUBI	R30, R30, #5

registers: 
r00:	5	0	0	0	0	0	0	0
r08:	0	0	0	0	0	0	0	0
r16:	0	0	0	0	0	0	0	0
r24:	0	0	0	0	0	0	-5	0

data:
192:-2	-3
======================
cycle: 3	104	ADDI	R1, R1, #6

registers: 
r00:	5	6	0	0	0	0	0	0
r08:	0	0	0	0	0	0	0	0
r16:	0	0	0	0	0	0	0	0
r24:	0	0	0	0	0	0	-5	0

data:
192:-2	-3
======================
cycle: 4	108	SUBI	R2, R0, #4

registers: 
r00:	5	6	1	0	0	0	0	0
r08:	0	0	0	0	0	0	0	0
r16:	0	0	0	0	0	0	0	0
r24:	0	0	0	0	0	0	-5	0

data:
192:-2	-3
======================
cycle: 5	112	ADD	R3, R0, R1

registers: 
r00:	5	6	1	11	0	0	0	0
r08:	0	0	0	0	0	0	0	0
r16:	0	0	0	0	0	0	0	0
r24:	0	0	0	0	0	0	-5	0

data:
192:-2	-3
======================
cycle: 6	116	SUB	R4, R0, R1

registers: 
r00:	5	6	1	11	-1	0	0	0
r08:	0	0	0	0	0	0	0	0
r16:	0	0	0	0	0	0	0	0
r24:	0	0	0	0	0	0	-5	0

data:
192:-2	-3
======================
cycle: 7	120	B	#2

registers: 
r00:	5	6	1	11	-1	0	0	0
r08:	0	0	0	0	0	0	0	0
r16:	0	0	0	0	0	0	0	0
r24:	0	0	0	0	0	0	-5	0

data:
192:-2	-3
======================
cycle: 8	128	NOP

registers: 
r00:	5	6	1	11	-1	0	0	0
r08:	0	0	0	0	0	0	0	0
r16:	0	0	0	0	0	0	0	0
r24:	0	0	0	0	0	0	-5	0

data:
192:-2	-3
======================
cycle: 9	132	CBNZ	R1, #2

registers: 
r00:	5	6	1	11	-1	0	0	0
r08:	0	0	0	0	0	0	0	0
r16:	0	0	0	0	0	0	0	0
r24:	0	0	0	0	0	0	-5	0

data:
192:-2	-3
======================
cycle: 10	140	CBZ	R31, #2

registers: 
r00:	5	6	1	11	-1	0	0	0
r08:	0	0	0	0	0	0	0	0
r16:	0	0	0	0	0	0	0	0
r24:	0	0	0	0	0	0	-5	0

data:
192:-2	-3
======================
cycle: 11	148	AND	R5, R0, R1

registers: 
r00:	5	6	1	11	-1	4	0	0
r08:	0	0	0	0	0	0	0	0
r16:	0	0	0	0	0	0	0	0
r24:	0	0	0	0	0	0	-5	0

data:
192:-2	-3
======================
cycle: 12	152	ORR	R6, R0, R1

registers: 
r00:	5	6	1	11	-1	4	7	0
r08:	0	0	0	0	0	0	0	0
r16:	0	0	0	0	0	0	0	0
r24:	0	0	0	0	0	0	-5	0

data:
192:-2	-3
======================
cycle: 13	156	EOR	R7, R0, R1

registers: 
r00:	5	6	1	11	-1	4	7	3
r08:	0	0	0	0	0	0	0	0
r16:	0	0	0	0	0	0	0	0
r24:	0	0	0	0	0	0	-5	0

data:
192:-2	-3
======================
cycle: 14	160	LSR	R8, R1, #2

registers: 
r00:	5	6	1	11	-1	4	7	3
r08:	1	0	0	0	0	0	0	0
r16:	0	0	0	0	0	0	0	0
r24:	0	0	0	0	0	0	-5	0

data:
192:-2	-3
======================
cycle: 15	164	ASR	R9, R30, #2

registers: 
r00:	5	6	1	11	-1	4	7	3
r08:	1	-2	0	0	0	0	0	0
r16:	0	0	0	0	0	0	0	0
r24:	0	0	0	0	0	0	-5	0

data:
192:-2	-3
======================
cycle: 16	168	LSL	R10, R30, #2

registers: 
r00:	5	6	1	11	-1	4	7	3
r08:	1	-2	-10	0	0	0	0	0
r16:	0	0	0	0	0	0	0	0
r24:	0	0	0	0	0	0	-5	0

data:
192:-2	-3
======================
cycle: 17	172	MOVZ	R10, 3, LSL 0

registers: 
r00:	5	6	1	11	-1	4	7	3
r08:	1	-2	3	0	0	0	0	0
r16:	0	0	0	0	0	0	0	0
r24:	0	0	0	0	0	0	-5	0

data:
192:-2	-3
======================
cycle: 18	176	MOVK	R10, 12, LSL 0

registers: 
r00:	5	6	1	11	-1	4	7	3
r08:	1	-2	15	0	0	0	0	0
r16:	0	0	0	0	0	0	0	0
r24:	0	0	0	0	0	0	-5	0

data:
192:-2	-3
======================
cycle: 19	180	STUR	R7, [R5, #112]

registers: 
r00:	5	6	1	11	-1	4	7	3
r08:	1	-2	15	0	0	0	0	0
r16:	0	0	0	0	0	0	0	0
r24:	0	0	0	0	0	0	-5	0

data:
192:-2	-3	0	0	0	0	0	0
224:0	0	0	0	0	0	0	0
256:0	0	0	0	0	0	0	0
288:0	0	0	0	0	0	0	0
320:0	0	0	0	0	0	0	0
352:0	0	0	0	0	0	0	0
384:0	0	0	0	0	0	0	0
416:0	0	0	0	0	0	0	0
448:0	3
======================
cycle: 20	184	LDUR	R7, [R5, #112]

registers: 
r00:	5	6	1	11	-1	4	7	3
r08:	1	-2	15	0	0	0	0	0
r16:	0	0	0	0	0	0	0	0
r24:	0	0	0	0	0	0	-5	0

data:
192:-2	-3	0	0	0	0	0	0
224:0	0	0	0	0	0	0	0
256:0	0	0	0	0	0	0	0
288:0	0	0	0	0	0	0	0
320:0	0	0	0	0	0	0	0
352:0	0	0	0	0	0	0	0
384:0	0	0	0	0	0	0	0
416:0	0	0	0	0	0	0	0
448:0	3
======================
cycle: 21	188	BREAK

registers: 
r00:	5	6	1	11	-1	4	7	3
r08:	1	-2	15	0	0	0	0	0
r16:	0	0	0	0	0	0	0	0
r24:	0	0	0	0	0	0	-5	0

data:
192:-2	-3	0	0	0	0	0	0
224:0	0	0	0	0	0	0	0
256:0	0	0	0	0	0	0	0
288:0	0	0	0	0	0	0	0
320:0	0	0	0	0	0	0	0
352:0	0	0	0	0	0	0	0
384:0	0	0	0	0	0	0	0
416:0	0	0	0	0	0	0	0
448:0	3
======================
cycle: 1	96	ADDI	R0, R0, #5

registers: 
r00:	5	0	0	0	0	0	0	0
r08:	0	0	0	0	0	0	0	0
r16:	0	0	0	0	0	0	0	0
r24:	0	0	0	0	0	0	0	0

data:
192:-2	-3
======================
cycle: 2	100	SUBI	R30, R30, #5

registers: 
r00:	5	0	0	0	0	0	0	0
r08:	0	0	0	0	0	0	0	0
r16:	0	0	0	0	0	0	0	0
r24:	0	0	0	0	0	0	-5	0

data:
192:-2	-3
======================
cycle: 3	104	ADDI	R1, R1, #6

registers: 
r00:	5	6	0	0	0	0	0	0
r08:	0	0	0	0	0	0	0	0
r16:	0	0	0	0	0	0	0	0
r24:	0	0	0	0	0	0	-5	0

data:
192:-2	-3
======================
cycle: 4	108	SUBI	R2, R0, #4

registers: 
r00:	5	6	1	0	0	0	0	0
r08:	0	0	0	0	0	0	0	0
r16:	0	0	0	0	0	0	0	0
r24:	0	0	0	0	0	0	-5	0

data:
192:-2	-3
======================
cycle: 5	112	ADD	R3, R0, R1

registers: 
r00:	5	6	1	11	0	0	0	0
r08:	0	0	0	0	0	0	0	0
r16:	0	0	0	0	0	0	0	0
r24:	0	0	0	0	0	0	-5	0

data:
192:-2	-3
======================
cycle: 6	116	SUB	R4, R0, R1

registers: 
r00:	5	6	1	11	-1	0	0	0
r08:	0	0	0	0	0	0	0	0
r16:	0	0	0	0	0	0	0	0
r24:	0	0	0	0	0	0	-5	0

data:
192:-2	-3
======================
cycle: 7	120	B	#2

registers: 
r00:	5	6	1	11	-1	0	0	0
r08:	0	0	0	0	0	0	0	0
r16:	0	0	0	0	0	0	0	0
r24:	0	0	0	0	0	0	-5	0

data:
192:-2	-3
======================
cycle: 8	128	NOP

registers: 
r00:	5	6	1	11	-1	0	0	0
r08:	0	0	0	0	0	0	0	0
r16:	0	0	0	0	0	0	0	0
r24:	0	0	0	0	0	0	-5	0

data:
192:-2	-3
======================
cycle: 9	132	CBNZ	R1, #2

registers: 
r00:	5	6	1	11	-1	0	0	0
r08:	0	0	0	0	0	0	0	0
r16:	0	0	0	0	0	0	0	0
r24:	0	0	0	0	0	0	-5	0

data:
192:-2	-3
======================
cycle: 10	140	CBZ	R31, #2

registers: 
r00:	5	6	1	11	-1	0	0	0
r08:	0	0	0	0	0	0	0	0
r16:	0	0	0	0	0	0	0	0
r24:	0	0	0	0	0	0	-5	0

data:
192:-2	-3
======================
cycle: 11	148	AND	R5, R0, R1

registers: 
r00:	5	6	1	11	-1	4	0	0
r08:	0	0	0	0	0	0	0	0
r16:	0	0	0	0	0	0	0	0
r24:	0	0	0	0	0	0	-5	0

data:
192:-2	-3
======================
cycle: 12	152	ORR	R6, R0, R1

registers: 
r00:	5	6	1	11	-1	4	7	0
r08:	0	0	0	0	0	0	0	0
r16:	0	0	0	0	0	0	0	0
r24:	0	0	0	0	0	0	-5	0

data:
192:-2	-3
======================
cycle: 13	156	EOR	R7, R0, R1

registers: 
r00:	5	6	1	11	-1	4	7	3
r08:	0	0	0	0	0	0	0	0
r16:	0	0	0	0	0	0	0	0
r24:	0	0	0	0	0	0	-5	0

data:
192:-2	-3
======================
cycle: 14	160	LSR	R8, R1, #2

registers: 
r00:	5	6	1	11	-1	4	7	3
r08:	1	0	0	0	0	0	0	0
r16:	0	0	0	0	0	0	0	0
r24:	0	0	0	0	0	0	-5	0

data:
192:-2	-3
======================
cycle: 15	164	ASR	R9, R30, #2

registers: 
r00:	5	6	1	11	-1	4	7	3
r08:	1	-2	0	0	0	0	0	0
r16:	0	0	0	0	0	0	0	0
r24:	0	0	0	0	0	0	-5	0

data:
192:-2	-3
======================
cycle: 16	168	LSL	R10, R30, #2

registers: 
r00:	5	6	1	11	-1	4	7	3
r08:	1	-2	-10	0	0	0	0	0
r16:	0	0	0	0	0	0	0	0
r24:	0	0	0	0	0	0	-5	0

data:
192:-2	-3
======================
cycle: 17	172	MOVZ	R10, 3, LSL 0

registers: 
r00:	5	6	1	11	-1	4	7	3
r08:	1	-2	3	0	0	0	0	0
r16:	0	0	0	0	0	0	0	0
r24:	0	0	0	0	0	0	-5	0

data:
192:-2	-3
======================
cycle: 18	176	MOVK	R10, 12, LSL 0

registers: 
r00:	5	6	1	11	-1	4	7	3
r08:	1	-2	15	0	0	0	0	0
r16:	0	0	0	0	0	0	0	0
r24:	0	0	0	0	0	0	-5	0

data:
192:-2	-3
======================
cycle: 19	180	STUR	R7, [R5, #112]

registers: 
r00:	5	6	1	11	-1	4	7	3
r08:	1	-2	15	0	0	0	0	0
r16:	0	0	0	0	0	0	0	0
r24:	0	0	0	0	0	0	-5	0

data:
192:-2	-3	0	0	0	0	0	0
224:0	0	0	0	0	0	0	0
256:0	0	0	0	0	0	0	0
288:0	0	0	0	0	0	0	0
320:0	0	0	0	0	0	0	0
352:0	0	0	0	0	0	0	0
384:0	0	0	0	0	0	0	0
416:0	0	0	0	0	0	0	0
448:0	3
======================
cycle: 20	184	LDUR	R7, [R5, #112]

registers: 
r00:	5	6	1	11	-1	4	7	3
r08:	1	-2	15	0	0	0	0	0
r16:	0	0	0	0	0	0	0	0
r24:	0	0	0	0	0	0	-5	0

data:
192:-2	-3	0	0	0	0	0	0
224:0	0	0	0	0	0	0	0
256:0	0	0	0	0	0	0	0
288:0	0	0	0	0	0	0	0
320:0	0	0	0	0	0	0	0
352:0	0	0	0	0	0	0	0
384:0	0	0	0	0	0	0	0
416:0	0	0	0	0	0	0	0
448:0	3
======================
cycle: 21	188	BREAK

registers: 
r00:	5	6	1	11	-1	4	7	3
r08:	1	-2	15	0	0	0	0	0
r16:	0	0	0	0	0	0	0	0
r24:	0	0	0	0	0	0	-5	0

data:
192:-2	-3	0	0	0	0	0	0
224:0	0	0	0	0	0	0	0
256:0	0	0	0	0	0	0	0
288:0	0	0	0	0	0	0	0
320:0	0	0	0	0	0	0	0
352:0	0	0	0	0	0	0	0
384:0	0	0	0	0	0	0	0
416:0	0	0	0	0	0	0	0
448:0	3
